Arduino Random Number Generator - Detailed Statistical Analysis
======================================================================

전체 빈도 (Overall Frequencies):
--------------------------------------------------
코드 번호           0의 빈도      1의 빈도      2의 빈도     
1               0.332      0.337      0.331     
2               0.335      0.332      0.332     
3               0.335      0.332      0.332     
4               0.335      0.332      0.332     
5               0.335      0.332      0.332     
6               0.333      0.332      0.335     
7               0.333      0.332      0.335     
8               0.335      0.332      0.332     

조건부 확률 (Conditional Probabilities):
--------------------------------------------------------------------------------
코드 번호      Prev 0: [0,1,2] 확률        Prev 1: [0,1,2] 확률        Prev 2: [0,1,2] 확률        균등 여부          
1          [0.0, 0.509, 0.491]       [0.503, 0.0, 0.497]       [0.492, 0.508, 0.0]       균등 (≈0.5/0.5)  
2          [0.0, 0.669, 0.331]       [0.334, 0.0, 0.666]       [0.676, 0.324, 0.0]       편향             
3          [0.0, 0.669, 0.331]       [0.334, 0.0, 0.666]       [0.676, 0.324, 0.0]       편향             
4          [0.0, 0.669, 0.331]       [0.334, 0.0, 0.666]       [0.676, 0.324, 0.0]       편향             
5          [0.0, 0.669, 0.331]       [0.334, 0.0, 0.666]       [0.676, 0.324, 0.0]       편향             
6          [0.0, 0.332, 0.668]       [0.66, 0.0, 0.34]         [0.34, 0.66, 0.0]         편향             
7          [0.0, 0.332, 0.668]       [0.66, 0.0, 0.34]         [0.34, 0.66, 0.0]         편향             
8          [0.0, 0.669, 0.331]       [0.334, 0.0, 0.666]       [0.676, 0.324, 0.0]       편향             
